2406.12816
2401.00039
2310.18393
2406.12769
2406.12701
2406.12656
2307.16746
2406.12630
2401.14494
2403.07796
2406.12602
2406.12839
2406.12835
2406.12752
2305.09605
2406.12672
2310.00160
2312.08927
2309.03966
2305.18569
2405.02849
2404.14355
2406.14533
2406.14527
2406.14512
2406.14495
2406.14483
2406.14445
2310.05227
2406.14426
2406.14417
2406.14413
2406.14409
2406.14548
2406.14510
2406.14477
2406.14429
2406.14388
2401.16755
2406.16853
2309.07899
2406.16847
2405.00592
2406.16818
2406.16803
2405.10327
2404.14423
2406.16789
2406.16772
2402.00435
2406.16864
2406.16821
2310.17638
2406.14862
2406.16683
2406.18505
2406.18496
2406.18489
2406.18488
2310.13211
2406.18469
2406.18464
2312.02706
2406.18458
2406.18447
2406.18417
2406.18361
2406.18330
2406.18247
2406.18175
2402.06121
2406.19386
2406.19381
2404.12779
2403.13040
2406.19333
2312.11605
2406.19322
2406.19279
2406.19275
2406.19259
2406.19253
2406.19328
2312.17293
2406.19298
2406.19135
2406.03472
2406.20067
2406.20047
2406.20044
2406.20000
2403.05252
2312.00125
2307.09908
2406.19963
2406.19960
2305.16393
2406.20006
2312.03511
2406.19807
2406.19705
2403.03181
2402.18485
2407.02489
2405.12397
2407.02470
2407.02469
2402.05137
2407.02453
2407.02445
2402.09507
2407.02421
2407.02393
2407.02366
2405.09062
2404.06025
2407.01392
2407.02143
2407.02070
2407.03319
2407.03299
2405.05427
2406.01464
2407.03254
2407.03244
2407.03242
2312.05303
2403.07097
2407.03201
2310.10649
2407.03300
2407.03297
2407.00741
2407.03089
2407.03035
2402.18497
2405.13971
2401.08538
2406.17119
2407.06147
2407.06145
2407.06144
2407.06139
2407.06125
2407.06100
2407.06099
2407.06169
2407.06135
2407.06124
2407.06079
2406.13705
2305.16269
2407.05934
2402.03438
2407.07889
2407.07873
2407.07872
2407.07836
2407.06658
2407.07828
2407.07826
2407.07815
2407.07808
2407.07797
2407.07875
2312.08290
2405.19201
2406.11473
2407.07674
2407.08731
2407.08721
2401.15542
2407.08698
2402.04471
2307.15708
2407.08682
2407.08681
2407.08673
2407.08667
2407.01487
2407.08737
2403.17933
2407.08675
2407.08659
2405.20222
2407.03961
2407.09468
2407.09462
2407.09452
2407.09438
2407.09414
2407.09396
2405.12901
2407.09330
2403.11800
2407.09325
2403.09302
2407.09357
2404.10267
2401.15022
2407.11960
2202.02991
2407.11956
2407.11949
2401.15531
2403.16933
2407.11925
2403.13621
2407.11912
2407.11909
2407.06053
2407.11966
2407.11942
2407.06317
2401.10227
2407.11867
2312.11752
2407.10903
2407.10283
2407.13760
2405.09462
2406.09273
2402.05320
2402.09523
2407.09916
2407.13643
2407.13630
2310.05844
2407.13620
2204.03374
2407.13734
2406.09648
2407.13609
2407.13538
2407.13535
2407.13449
2407.07055
2401.00009
2405.15455
2407.15789
2407.15767
2407.15759
2405.17305
2407.15747
2304.03962
2407.15727
2407.15811
2407.15784
2407.15739
2407.15703
2407.15595
2404.10177
2404.09260
2306.11621
2404.14436
2403.15016
2407.17441
2407.17434
2407.17420
2407.17408
2404.01375
2407.17381
2211.09351
2407.17351
2407.17226
2407.16564
2407.16292
2407.17033
2407.16982
2407.16772
